351.0000000
185.0000000
353.0000000
377.0000000
240.0000000
324.0000000
153.0000000
340.0000000
184.0000000
217.0000000
113.0000000
187.0000000
200.0000000
262.0000000
166.0000000
131.0000000
304.0000000
46.0000000
167.0000000
81.0000000
-15.0000000
11.0000000
351.0000000
226.0000000
115.0000000
-3.0000000
79.0000000
137.0000000
62.0000000
-134.0000000
-232.0000000
-90.0000000
3.0000000
-15.0000000
181.0000000
4.0000000
90.0000000
2.0000000
32.0000000
180.0000000
-202.0000000
53.0000000
34.0000000
352.0000000
17.0000000
-149.0000000
-87.0000000
-6.0000000
-228.0000000
-136.0000000
-3.0000000
-222.0000000
-74.0000000
-313.0000000
-73.0000000
-86.0000000
-125.0000000
-324.0000000
-49.0000000
-186.0000000
-165.0000000
-101.0000000
-152.0000000
-49.0000000
-57.0000000
-29.0000000
-138.0000000
-84.0000000
274.0000000
344.0000000
293.0000000
300.0000000
252.0000000
-254.0000000
-252.0000000
-268.0000000
-223.0000000
-279.0000000
-378.0000000
-333.0000000
-246.0000000
-311.0000000
-265.0000000
-270.0000000
-149.0000000
-187.0000000
-89.0000000
-140.0000000
-220.0000000
-26.0000000
-132.0000000
-111.0000000
67.0000000
102.0000000
-11.0000000
274.0000000
136.0000000
126.0000000
75.0000000
12.0000000
10.0000000
44.0000000
59.0000000
67.0000000
67.0000000
72.0000000
99.0000000
84.0000000
26.0000000
-77.0000000
-83.0000000
-307.0000000
-121.0000000
7.0000000
55.0000000
141.0000000
11.0000000
-144.0000000
126.0000000
-47.0000000
247.0000000
1.0000000
154.0000000
-147.0000000
-3.0000000
173.0000000
-254.0000000
125.0000000
46.0000000
-94.0000000
-70.0000000
-110.0000000
181.0000000
98.0000000
67.0000000
28.0000000
77.0000000
-128.0000000
159.0000000
-143.0000000
-25.0000000
142.0000000
-87.0000000
-136.0000000
-173.0000000
14.0000000
81.0000000
9.0000000
-78.0000000
-7.0000000
125.0000000
-78.0000000
-101.0000000
20.0000000
13.0000000
189.0000000
201.0000000
144.0000000
281.0000000
59.0000000
255.0000000
-37.0000000
-31.0000000
26.0000000
-52.0000000
-139.0000000
-14.0000000
-138.0000000
-59.0000000
-50.0000000
-100.0000000
52.0000000
-148.0000000
-71.0000000
50.0000000
-180.0000000
33.0000000
-170.0000000
-173.0000000
-116.0000000
-53.0000000
-31.0000000
-82.0000000
-164.0000000
-7.0000000
-27.0000000
-87.0000000
68.0000000
6.0000000
63.0000000
-166.0000000
67.0000000
84.0000000
-2.0000000
-20.0000000
-69.0000000
-29.0000000
-11.0000000
-156.0000000
-149.0000000
349.0000000
258.0000000
381.0000000
345.0000000
389.0000000
193.0000000
205.0000000
135.0000000
335.0000000
272.0000000
67.0000000
356.0000000
147.0000000
226.0000000
111.0000000
169.0000000
48.0000000
128.0000000
7.0000000
-3.0000000
129.0000000
274.0000000
127.0000000
14.0000000
88.0000000
109.0000000
-103.0000000
-131.0000000
28.0000000
-209.0000000
149.0000000
209.0000000
-69.0000000
183.0000000
104.0000000
181.0000000
-59.0000000
221.0000000
38.0000000
136.0000000
-86.0000000
63.0000000
-271.0000000
252.0000000
237.0000000
35.0000000
-132.0000000
-10.0000000
-173.0000000
120.0000000
-8.0000000
-119.0000000
-140.0000000
-110.0000000
-44.0000000
-133.0000000
-185.0000000
-217.0000000
-68.0000000
-106.0000000
-126.0000000
-172.0000000
-105.0000000
-49.0000000
-79.0000000
-105.0000000
-285.0000000
-79.0000000
-28.0000000
-55.0000000
382.0000000
296.0000000
212.0000000
238.0000000
208.0000000
-266.0000000
-149.0000000
-221.0000000
-333.0000000
-274.0000000
-205.0000000
-287.0000000
-308.0000000
-303.0000000
-140.0000000
-288.0000000
-286.0000000
-178.0000000
-230.0000000
-174.0000000
-133.0000000
-207.0000000
-107.0000000
211.0000000
271.0000000
199.0000000
-36.0000000
-110.0000000
29.0000000
42.0000000
-51.0000000
108.0000000
95.0000000
80.0000000
157.0000000
71.0000000
24.0000000
88.0000000
86.0000000
108.0000000
198.0000000
110.0000000
29.0000000
-81.0000000
-331.0000000
-353.0000000
-60.0000000
-91.0000000
-62.0000000
83.0000000
76.0000000
61.0000000
-1.0000000
-145.0000000
228.0000000
-22.0000000
-69.0000000
263.0000000
22.0000000
284.0000000
220.0000000
-50.0000000
8.0000000
-223.0000000
-67.0000000
-154.0000000
-74.0000000
46.0000000
198.0000000
40.0000000
129.0000000
111.0000000
-27.0000000
70.0000000
217.0000000
-83.0000000
-130.0000000
-118.0000000
-51.0000000
-48.0000000
131.0000000
-78.0000000
-106.0000000
-91.0000000
-146.0000000
-44.0000000
-242.0000000
61.0000000
73.0000000
129.0000000
-22.0000000
171.0000000
123.0000000
-11.0000000
33.0000000
-3.0000000
-56.0000000
28.0000000
-111.0000000
-112.0000000
44.0000000
-35.0000000
44.0000000
184.0000000
-170.0000000
-78.0000000
-55.0000000
-8.0000000
-64.0000000
-156.0000000
-80.0000000
-164.0000000
-185.0000000
-5.0000000
-147.0000000
-196.0000000
-34.0000000
-141.0000000
-55.0000000
-211.0000000
57.0000000
-155.0000000
160.0000000
-46.0000000
-4.0000000
-106.0000000
-33.0000000
-55.0000000
-74.0000000
-245.0000000
