-0.037495
-0.006195
0.018506
0.059861
0.259828
0.164662
-0.010421
0.051713
0.358461
0.208604
0.401834
0.212443
0.004834
0.211222
0.311100
0.324027
0.136264
0.300067
0.374274
-0.032876
0.299119
0.341914
0.067287
0.298166
0.342408
0.392755
0.305483
-0.077348
0.305354
0.219123
0.112916
0.277111
0.321741
0.271319
-0.173177
0.160891
0.050069
0.217564
-0.083053
0.186248
0.034420
-0.038550
0.377531
0.187553
0.401525
0.215115
0.352114
0.429077
0.289406
0.326485
0.419932
0.300897
0.413316
0.230028
0.415293
0.334640
0.408344
0.182294
0.458384
0.353797
0.338029
0.357418
0.354160
0.423069
0.370586
0.452124
0.320836
0.377234
-0.066746
-0.028186
-0.077443
0.001689
0.032111
0.076740
0.092820
0.053895
0.076341
0.095132
0.174555
0.131192
0.033397
0.005216
0.052742
0.016783
0.039906
0.205277
0.191853
0.216739
0.206781
0.146243
0.188610
-0.056848
-0.076514
-0.092471
-0.058197
-0.017667
-0.153839
-0.112145
0.030937
-0.114200
-0.084309
-0.154383
0.115737
0.107365
0.148250
0.027990
-0.122132
-0.232461
-0.149284
0.023743
-0.056366
0.056957
0.221151
0.044139
0.013402
0.062787
0.054477
0.092022
0.058469
0.022343
0.025513
0.134068
0.058926
0.085652
0.002534
0.017808
0.089292
0.038659
0.123535
0.091608
0.118698
0.132058
0.068402
-0.040431
0.090396
0.085987
0.145056
0.108662
0.093935
0.089178
0.021062
0.146510
0.102777
0.068893
0.089009
-0.069625
-0.009271
0.166027
0.129167
0.143581
0.077001
0.072162
0.016710
0.117562
-0.000261
0.052475
0.040994
-0.030095
-0.021494
0.072611
0.032539
0.099394
0.111754
0.098093
0.103184
0.038865
0.028731
0.013205
0.085248
0.070246
0.102140
0.025957
0.127141
0.165486
0.005300
0.076805
0.040412
0.103801
0.072994
0.125975
0.154051
0.010238
0.021868
0.064887
0.003386
0.013008
0.102399
0.054884
0.093020
0.013488
-0.025160
0.065067
0.008187
-0.069082
0.049115
0.104414
0.096235
0.071402
0.037958
0.004881
-0.006918
-0.038820
-0.009983
0.139809
0.110056
0.308918
0.020007
0.386180
0.071772
0.206755
0.420270
0.221532
0.229186
0.166694
0.345986
0.195134
-0.040740
0.359423
0.287992
0.366757
0.351359
0.103866
0.400684
0.403624
0.419265
0.394588
0.071523
0.280567
0.300848
0.161845
0.051047
0.134078
0.327309
0.029551
-0.140115
0.131249
0.270648
0.150538
-0.012326
0.171008
-0.115457
0.179679
0.063089
-0.013220
0.169925
0.388799
0.005916
0.358564
0.231225
-0.150955
0.433658
0.318624
0.344839
0.368748
0.441985
0.414316
0.352645
0.249497
0.452805
0.408335
0.354270
0.352860
0.362742
0.436057
0.383886
0.338157
0.174552
0.410164
0.422244
0.428103
-0.006816
-0.075732
-0.000197
-0.013741
0.039502
0.076103
0.085379
0.043594
0.065742
0.106627
0.090474
0.147643
0.229500
0.133355
0.096474
0.139378
0.094102
0.072278
0.129800
0.202438
0.150096
0.250610
0.077124
0.035552
-0.097447
-0.008288
-0.042888
-0.010023
-0.059640
0.056585
0.137193
-0.145815
-0.013567
-0.128131
-0.108402
-0.064940
-0.185549
0.028417
0.103408
0.014985
-0.125630
-0.192181
-0.059760
0.121185
0.048077
0.197247
0.252680
0.141699
0.029464
0.008122
0.103557
-0.034177
0.064855
0.076411
0.023670
0.133180
0.103537
0.021181
0.005538
0.010967
0.022834
0.080464
0.092141
0.065332
0.100568
0.089302
0.063369
0.074838
0.043317
0.092789
0.007354
0.084035
0.101726
0.016553
0.057770
0.021543
0.024372
0.171258
0.091094
-0.009884
0.153078
0.062029
0.019645
0.068579
0.184528
-0.071642
0.026642
-0.007409
-0.039543
0.127978
0.152654
0.036301
0.013330
0.122664
0.118469
0.077875
0.122347
0.154373
-0.045623
-0.019463
0.156950
-0.034052
0.151351
-0.081633
0.069672
0.030354
0.085958
0.019872
0.084007
0.064159
0.167661
0.170117
0.129535
-0.060524
0.051102
0.161676
0.136252
0.141793
0.047875
0.085544
0.036654
-0.012472
0.024625
-0.005653
0.070080
-0.028674
0.100096
0.128438
0.082163
0.023556
