0.140151
0.123842
0.131882
0.162224
0.160033
0.123370
0.129861
0.122686
0.127135
0.226665
0.127015
0.124660
0.180534
0.103372
0.145885
0.133156
0.128555
0.162884
0.106910
0.133545
0.136396
0.142507
0.125133
0.139681
0.147022
0.108749
0.144900
0.132249
0.139774
0.125326
0.137120
0.145693
0.122987
0.162664
0.141537
0.241070
0.191304
0.202292
0.208542
0.181929
0.215726
0.184242
0.112217
0.208633
0.102794
0.183663
0.104673
0.109374
0.199679
0.103137
0.112307
0.150345
0.121062
0.148604
0.107354
0.113712
0.094431
0.142090
0.098028
0.119355
0.084204
0.100887
0.138692
0.111470
0.093956
0.110291
0.129184
0.112493
0.111100
0.104632
0.096483
0.158464
0.167610
0.141801
0.129865
0.208042
0.149238
0.117928
0.150774
0.112693
0.164262
0.163564
0.138802
0.175457
0.186611
0.100844
0.120196
0.115590
0.083085
0.128261
0.102394
0.148097
0.106907
0.145778
0.116783
0.120286
0.109780
0.107393
0.126738
0.103132
0.108764
0.092661
0.113328
0.138185
0.094949
0.107862
0.104285
0.100731
0.113718
0.154709
0.122482
0.115130
0.090132
0.137190
0.123564
0.126449
0.111643
0.117999
0.120411
0.143270
0.134941
0.109378
0.129323
0.111841
0.143438
0.118202
0.097383
0.119729
0.096315
0.103995
0.096790
0.117332
0.081985
0.127979
0.092139
0.104950
0.110864
0.139705
0.131645
0.093513
0.124507
0.131702
0.122340
0.126950
0.141495
0.123732
0.109436
0.091893
0.088731
0.072614
0.088207
0.114586
0.141701
0.078897
0.116289
0.146455
0.141276
0.115477
0.121856
0.111755
0.094889
0.077977
0.092808
0.069933
0.084524
0.128610
0.119993
0.125779
0.116784
0.096119
0.113340
0.113921
0.121423
0.119338
0.107853
0.108629
0.147996
0.102961
0.101637
0.111074
0.123730
0.104669
0.089621
0.103109
0.117024
0.092040
0.096794
0.098961
0.105678
0.116885
0.102050
0.088670
0.098294
0.122930
0.116883
0.104254
0.116921
0.147731
0.118753
0.126075
0.140623
0.116532
0.153368
0.130241
0.173028
0.150816
0.156774
0.115976
0.111596
0.102927
0.118223
0.219355
0.125409
0.191618
0.154218
0.122245
0.129438
0.103719
0.137562
0.133744
0.122704
0.123976
0.119524
0.097064
0.110190
0.102792
0.168097
0.118659
0.140909
0.123814
0.189604
0.159896
0.119613
0.196798
0.162702
0.251012
0.150356
0.151473
0.245333
0.229358
0.189873
0.176471
0.206892
0.212852
0.187925
0.110368
0.205133
0.104946
0.189406
0.177044
0.110903
0.106725
0.129814
0.130494
0.106651
0.101062
0.113445
0.118995
0.104263
0.116049
0.094925
0.134441
0.102946
0.107127
0.111129
0.112060
0.143118
0.128595
0.098222
0.132992
0.113729
0.104547
0.137125
0.094538
0.144718
0.148465
0.103645
0.174767
0.201743
0.109373
0.129021
0.109384
0.130923
0.107617
0.134509
0.129585
0.117261
0.155319
0.165419
0.093445
0.176008
0.099896
0.155416
0.139376
0.127087
0.106271
0.154176
0.159337
0.119652
0.111987
0.107552
0.099462
0.117044
0.097480
0.136813
0.100093
0.088303
0.152132
0.109723
0.113617
0.099018
0.118802
0.119933
0.103482
0.115214
0.153266
0.100611
0.088701
0.131711
0.118366
0.122109
0.120893
0.120714
0.136115
0.137848
0.096247
0.124018
0.136847
0.137407
0.125550
0.114857
0.094787
0.106475
0.106822
0.127447
0.108216
0.105043
0.081085
0.084083
0.131243
0.126770
0.098498
0.108613
0.116648
0.127342
0.118976
0.122982
0.112356
0.093757
0.119844
0.117704
0.098864
0.117178
0.093235
0.097112
0.121422
0.119951
0.102734
0.118797
0.132885
0.085385
0.121603
0.120561
0.082036
0.100196
0.075811
0.091191
0.071115
0.130347
0.135922
0.085199
0.121117
0.097227
0.121268
0.124222
0.126491
0.101339
0.117214
0.115152
0.108551
0.117059
0.101790
0.109957
0.126022
0.104457
0.105015
0.096529
0.100987
0.097040
0.093555
0.097386
0.106941
0.103963
0.120397
0.091510
0.116633
0.105281
0.132765
0.127159
0.119740
