0.0515886
0.1791574
0.1172336
0.3265500
0.5707508
0.3401183
0.2909272
0.2627991
0.6808258
0.6751238
0.7792213
0.4862068
0.3861927
0.4047302
0.5053537
0.6909361
0.3604746
0.4654361
0.6712003
0.2430007
0.5939157
0.7289166
0.3786116
0.6014830
0.6723492
0.8575839
0.7718761
0.2676491
0.7291324
0.7336455
0.5822060
0.8240164
0.8674982
0.7646038
0.0990019
0.7948207
0.3214147
0.6717263
0.2839079
0.6166689
0.4376575
0.3205763
0.8852980
0.5804942
0.9360600
0.5175974
0.9395898
0.9295651
0.8674617
0.8537431
0.8847207
0.8320058
0.9817677
0.6919486
0.8872351
0.7539963
0.9037864
0.4485424
0.9499594
0.7686191
0.7374012
0.7859940
0.8220959
0.9667233
0.7505046
0.9220049
0.7029073
0.8546477
0.0920480
0.2365544
0.3201294
0.4030022
0.2979110
0.2338739
0.3877531
0.1903783
0.3210546
0.5159909
0.4148656
0.4645400
0.0724188
0.3114950
0.1768731
0.1253163
0.0000000
0.6668492
0.4217539
0.6112469
0.4386205
0.4189923
0.6208473
0.2782377
0.2354551
0.1905917
0.3691647
0.2427935
0.0000000
0.2451428
0.4491490
0.2385487
0.3641725
0.3085434
0.4937378
0.4399212
0.4589042
0.3647451
0.3208905
0.0516369
0.1362623
0.1938157
0.2280078
0.2894975
0.5533399
0.4060490
0.4347492
0.4004645
0.2280951
0.5236942
0.1587207
0.2118972
0.1396748
0.4471011
0.1371229
0.2292349
0.0057972
0.2848042
0.4171165
0.5058740
0.5579724
0.4488174
0.4399324
0.3952428
0.4328621
0.6685370
0.5214385
0.4318899
0.5422249
0.5900428
0.3439562
0.4657540
0.4484809
0.4444721
0.5368581
0.2239244
0.2668273
0.4215957
0.4982309
0.5757404
0.3823615
0.4149515
0.4515929
0.2020787
0.5198798
0.4005429
0.1361929
0.4991735
0.3778316
0.0443411
0.2189658
0.2782746
0.4079207
0.4299060
0.5030034
0.4918021
0.5373925
0.3599879
0.4340315
0.2637959
0.3987539
0.4390907
0.6231351
0.4872580
0.6411634
0.6823003
0.5042638
0.5429280
0.6679839
0.6312896
0.5424780
0.6262139
0.5793169
0.4973640
0.5503911
0.5700734
0.4994370
0.4631256
0.5448897
0.5658785
0.6023853
0.3490742
0.3462438
0.3912641
0.5599203
0.0907911
0.4372485
0.5115781
0.6115322
0.5963786
0.4679045
0.3953634
0.0497855
0.1392609
0.1258261
0.2872971
0.3454550
0.5960357
0.3354291
0.6950995
0.2295805
0.3583313
0.7733715
0.7586555
0.4675436
0.5821064
0.4214383
0.5069170
0.2097110
0.6809725
0.5549273
0.7821826
0.6001542
0.4704610
0.6826288
0.8709292
0.7419988
0.7762488
0.4899195
0.7908056
0.7202889
0.7527409
0.5641258
0.6017709
0.8668575
0.4549944
0.2195622
0.6529799
0.9326564
0.5141428
0.5385467
0.6577176
0.1637688
0.6362683
0.3012049
0.3437773
0.4993324
0.8862903
0.2663135
0.9449688
0.6676481
0.2226568
0.9268619
0.8658800
0.8449293
0.7886937
0.9664117
0.9506217
0.8344585
0.5774095
0.9652947
0.9190074
0.7789195
0.7765094
0.7803628
0.9483821
0.8588831
0.7256399
0.3516050
0.9806970
0.8528444
1.0109848
0.1634170
0.3374975
0.3776765
0.3976585
0.3091334
0.3193360
0.3024685
0.3135348
0.2812115
0.4803860
0.3816928
0.4244003
0.6126951
0.5562787
0.3145790
0.5036644
0.2794169
0.1654495
0.2358315
0.6420761
0.3703227
0.5570142
0.3741830
0.3885428
0.0703816
0.3301406
0.3355292
0.2443771
0.3472036
0.5347043
0.5317838
0.1397644
0.3766570
0.3270886
0.1483445
0.4346144
0.2402325
0.3402036
0.3743217
0.3984033
0.2802130
0.0676328
0.3798706
0.4239928
0.3425285
0.7152984
0.6441188
0.3988349
0.5279192
0.4518758
0.3603582
0.6030390
0.3326422
0.3729168
0.0686870
0.4264674
0.2621680
0.1378451
0.0029813
0.1389944
0.2239083
0.5028863
0.5090316
0.3467488
0.3310052
0.4122153
0.3209070
0.5187168
0.4664935
0.5200674
0.6990703
0.5604476
0.6156780
0.5004985
0.5661499
0.4485133
0.3390400
0.6929188
0.4117507
0.4219480
0.5375182
0.4823414
0.4163424
0.4125541
0.4151987
0.0184258
0.3746395
0.6129488
0.5010359
0.7276053
0.5056942
0.2213394
0.2878147
0.4427353
0.5376662
0.4937103
0.3044296
0.4232806
0.2480593
0.0217139
0.5082794
0.0989748
0.4646894
0.0000000
0.3949113
0.3746180
0.4355326
0.4632035
0.3400119
0.5232859
0.7423326
0.6389166
0.5696606
0.5385910
0.5908169
0.6827345
0.6080728
0.5727420
0.5867282
0.5480651
0.4511447
0.3359529
0.4854979
0.3009540
0.4419870
0.3813771
0.6029054
0.7190350
0.5684310
0.4032811
