0.8041049
0.8776977
0.7082275
0.6361047
0.6331916
0.7112053
0.7234460
0.6564810
0.6237776
0.3934752
0.5104045
0.4563273
0.5107946
0.7129303
0.5026768
0.4984735
0.6878353
0.3369814
0.6006660
0.7238121
0.2351424
0.2963841
0.5707152
0.5845704
0.5776258
0.2791482
0.3714264
0.4587559
0.5024530
0.1324594
0.2281391
0.2009360
0.2991999
0.1497626
0.5182255
0.0588325
0.4471434
0.2461415
0.4463789
0.3004233
0.4185092
0.4770002
0.3305270
0.4551346
0.2246435
0.4761949
0.1451522
0.3205996
0.2282710
0.1333109
0.3507942
0.1593470
0.1445163
0.2728960
0.2599858
0.3200917
0.2657525
0.5783268
0.2723720
0.3479116
0.4163791
0.3006872
0.2874876
0.1626294
0.3847488
0.2962314
0.3456768
0.2095513
0.5736568
0.5018227
0.3673806
0.4059007
0.5351558
0.7723587
0.5144306
0.6242771
0.5269178
0.3820160
0.5729667
0.5078938
0.8723490
0.4030394
0.8560542
0.8114946
0.8637501
0.1784138
0.5200932
0.2747888
0.6591094
0.5356604
0.2967794
0.4690012
0.5756365
0.6110787
0.3965317
0.5115934
0.6254979
0.5266191
0.5413640
0.5517268
0.3683810
0.3119688
0.3689739
0.4397549
0.4338835
0.4846336
0.4101889
0.5733601
0.6564191
0.6307548
0.6565490
0.6808758
0.3930496
0.6390753
0.5971952
0.6928018
0.7769814
0.6052276
0.8210738
0.8093692
0.8884472
0.6278538
0.8345346
0.8732949
1.0434910
0.8134794
0.5123953
0.3145226
0.4710422
0.5022358
0.5040370
0.6181403
0.4748473
0.1511889
0.4301980
0.4129441
0.4570759
0.5258505
0.5799810
0.3986607
0.4735650
0.5988057
0.5775725
0.6627927
0.8018099
0.6134090
0.3465188
0.4734894
0.7889083
0.6549247
0.5100518
0.9951411
0.2515059
0.7226998
0.9487885
0.4298225
0.5451935
0.8472443
0.5817139
0.8972508
0.5833259
0.6718328
0.6936201
0.5342788
0.4739040
0.5538229
0.3419649
0.8732616
0.8813421
0.5809106
0.5171458
0.1380316
0.5975505
0.6864365
0.0811063
0.4753781
0.4936688
0.4683784
0.4845057
0.4107642
0.6415160
0.1879137
0.2902983
0.3610609
0.0216807
0.2320989
0.4308178
0.2042992
0.1443262
0.7626366
0.3801039
0.6239311
0.3493411
0.3793101
0.5959988
0.7385994
0.6249687
0.7682298
0.3644769
0.6822420
0.8111061
0.8473882
0.6956281
0.7162430
0.6756839
0.5961044
0.5864265
0.5943807
0.6743127
0.7170966
0.4905771
0.4065943
0.4838266
0.4302867
0.5606515
0.5096475
0.6703693
0.5807842
0.2674050
0.2799440
0.5811319
0.5251594
0.6548135
0.3008146
0.5756556
0.5644370
0.3501137
0.1446835
0.4900149
0.0798761
0.2645186
0.3938243
0.1548776
0.2498768
0.3985241
0.0000000
0.0793801
0.4586623
0.1751660
0.1775987
0.4201160
0.3172641
0.5800694
0.3972746
0.4626782
0.2795595
0.4590782
0.1706111
0.3209898
0.5238445
0.3664758
0.0714793
0.2395290
0.3158715
0.2349597
0.2236482
0.2733255
0.4637972
0.2426919
0.1894439
0.3455950
0.3126868
0.3244399
0.2320828
0.2888503
0.3642402
0.6308184
0.0776101
0.3427343
0.1356844
0.6086507
0.2667475
0.4687129
0.4210190
0.5784056
0.5586979
0.4770871
0.5048467
0.5858597
0.4173407
0.5293874
0.4935612
0.3891925
0.3938251
0.6185412
0.3176057
0.7268176
0.7262529
0.8220114
0.2102421
0.5319533
0.4909357
0.5237077
0.5246974
0.6542544
0.5414747
0.4203434
0.5285835
0.4416269
0.3437348
0.2987127
0.6207881
0.4360403
0.4398691
0.5763863
0.3287405
0.3560551
0.4522479
0.4655041
0.4262397
0.4390223
0.6145676
0.4926992
0.3969923
0.4812309
0.2289864
0.2570147
0.4555518
0.4753599
0.5566352
0.8355362
0.2696642
0.7784351
0.8506712
0.8340722
0.7016170
0.8438761
0.7900648
1.0181291
0.6570837
0.8682798
0.4124595
0.4298179
0.4709746
0.5848907
0.4723797
0.4615749
0.4554279
0.4229601
0.6413493
0.2059728
0.4281977
0.5336803
0.2660786
0.3165120
0.4514810
0.4836701
0.4542949
0.4629800
0.5025265
0.4653188
0.3001086
0.2373462
0.3588018
0.6057605
0.5208167
0.4079022
0.2628133
0.4808840
0.5010135
0.4422482
0.9016874
0.7804962
0.6759738
0.5688169
0.4490067
0.8851665
0.6951641
0.4880051
0.9888635
0.6623139
0.8838367
0.6766301
0.8558336
0.6845868
0.5102819
0.6281546
0.1928297
0.9476974
0.5050401
0.6058977
0.6365158
0.5730271
0.4330846
0.3788054
0.4053504
0.3817547
0.6097303
0.2170714
0.3683350
0.2020012
0.4986859
0.3652273
0.1696289
0.5991172
0.3266895
0.6012212
0.5687647
0.5215959
0.5173506
