0.0210565
0.0674599
0.0691595
0.0000000
0.1861249
0.1191569
0.0690064
0.0656523
0.2566723
0.1950179
0.3314642
0.2648636
0.1020107
0.1734835
0.2967933
0.2951920
0.1130193
0.5224130
0.2867446
0.1044478
0.5564711
0.4957171
0.0355906
0.2235002
0.3081921
0.5002383
0.3340694
0.1334460
0.3174985
0.5062403
0.4464011
0.4621662
0.3811871
0.4758261
0.0724272
0.3243816
0.2802765
0.4082597
0.1632001
0.2431936
0.3200540
0.1740578
0.4082798
0.0898195
0.4667605
0.4946060
0.5073116
0.4822961
0.4919588
0.5694410
0.4870193
0.5774260
0.5552104
0.5556657
0.5682680
0.5396209
0.5733355
0.5338002
0.5577630
0.5927611
0.5469546
0.5653152
0.5678429
0.5544088
0.5404283
0.5474359
0.5681123
0.5713525
0.1257218
0.0479217
0.0556884
0.0707264
0.1454115
0.3901829
0.4280424
0.4744579
0.4345171
0.4253744
0.5773292
0.4956080
0.3901438
0.4586365
0.3673517
0.3780896
0.4252788
0.5406857
0.4796677
0.5293437
0.4668730
0.3618365
0.4568009
0.2457036
0.1267914
0.1069038
0.1724758
0.1206718
0.1404671
0.0689631
0.1350882
0.1020840
0.1434674
0.1011393
0.2996751
0.2900345
0.3258929
0.2246500
0.0671214
0.0253462
0.0690020
0.3302568
0.1891140
0.4316183
0.5082055
0.1619157
0.0985822
0.1139562
0.2406896
0.2307864
0.2226102
0.2120310
0.0995090
0.2680860
0.2140154
0.2928988
0.2073265
0.0589537
0.4041605
0.1925490
0.2318266
0.3061839
0.3413771
0.3577704
0.1747469
0.0527312
0.2247033
0.2991542
0.2611492
0.2337742
0.2257801
0.3715439
0.1921898
0.2268665
0.2169978
0.3875828
0.3151313
0.0000000
0.1366282
0.2902153
0.2579423
0.2942711
0.1901055
0.2103568
0.2728197
0.2252121
0.1390160
0.1284732
0.1389013
0.1624628
0.1016164
0.1500710
0.0634841
0.2244447
0.1726134
0.2233813
0.2571293
0.2866571
0.2763108
0.2078703
0.1410780
0.2256643
0.1985977
0.2996076
0.2202026
0.1473001
0.2892939
0.2737410
0.0244514
0.2502056
0.2618234
0.2742772
0.2122180
0.2873419
0.2341235
0.2800516
0.3438186
0.2932732
0.2842461
0.2482528
0.3254794
0.0695628
0.3033759
0.1894599
0.1138355
0.3697104
0.1757164
0.1615649
0.1150081
0.0380001
0.3078156
0.2168812
0.0569616
0.0217126
0.0171073
0.0995691
0.0200286
0.2524899
0.1227947
0.3090121
0.0945735
0.1819470
0.4131720
0.0512996
0.3053325
0.1841304
0.3822937
0.2493003
0.1585988
0.3086829
0.5433324
0.5202398
0.3310073
0.1191370
0.3160431
0.4802292
0.3773272
0.3138417
0.3303968
0.5489438
0.3438276
0.4566019
0.1797819
0.1670294
0.5186453
0.2109807
0.1256000
0.2650190
0.4087614
0.1926409
0.2109220
0.2827329
0.2614354
0.3063998
0.4326964
0.1269158
0.1968200
0.4423679
0.3656376
0.4511754
0.4939380
0.0282683
0.4691465
0.5705494
0.5553159
0.5726663
0.5442415
0.5717022
0.5763195
0.5402368
0.5687766
0.5939117
0.5524166
0.6012979
0.5654709
0.5512493
0.5424347
0.5494947
0.5406423
0.5869989
0.5381423
0.5491672
0.0269985
0.0866128
0.1189903
0.0957051
0.1612847
0.4426815
0.4632803
0.3972668
0.4980586
0.4431470
0.3941719
0.5153427
0.5542211
0.4584460
0.3809358
0.5358361
0.4304839
0.4269431
0.4268046
0.5353705
0.4706870
0.5376612
0.3377148
0.1281964
0.0784457
0.1091535
0.2213289
0.3091119
0.1500421
0.2213358
0.4021778
0.0593987
0.1713548
0.0396465
0.1115786
0.1201027
0.0936001
0.2442946
0.3018667
0.1939861
0.0340863
0.0467569
0.0993735
0.4317408
0.4829954
0.5480575
0.5204450
0.4579296
0.1636968
0.0884815
0.1577360
0.0664668
0.1796393
0.2196925
0.1700818
0.2548102
0.2805438
0.1231300
0.2141888
0.1264796
0.0609214
0.2784458
0.2598493
0.4263409
0.3616976
0.3780244
0.3817328
0.2015556
0.1395975
0.1306748
0.0602016
0.1716744
0.1527312
0.2198007
0.1278219
0.2267231
0.3143462
0.2711628
0.3374283
0.1646483
0.2387800
0.3373512
0.3767847
0.3802622
0.4541022
0.3731103
0.3865454
0.1019685
0.0148118
0.0621649
0.3487504
0.0935795
0.0928146
0.2363209
0.1967258
0.2470486
0.2518326
0.2697264
0.2718390
0.2300906
0.2221597
0.1720883
0.2385369
0.1051473
0.2649010
0.2632994
0.2280309
0.3133225
0.1512798
0.2470970
0.1541819
0.2501164
0.2817249
0.0405417
0.2384507
0.3191822
0.2893853
0.2535335
0.2711955
0.3385814
0.3044841
0.2716840
0.1464925
0.4342105
0.2009608
0.2752714
0.1331063
0.1235219
0.1909000
0.3180622
