0.5868701
0.3227622
0.6941619
0.6563731
0.6173781
0.7093560
0.2942798
0.6196964
0.6537697
0.5397744
0.6470225
0.6931371
0.3745350
0.6677738
0.8743429
0.6133747
0.6176103
0.7676724
0.7013912
0.2497240
0.6172841
0.5457736
0.6153651
0.6851208
0.5941747
0.5058788
0.5075788
0.3262108
0.4536853
0.3188738
0.2111636
0.3382957
0.4114287
0.4587147
0.3244331
0.3819375
0.4404516
0.4330480
0.2502405
0.6017303
0.1745584
0.2815363
0.4855056
0.7133930
0.5130163
0.2967892
0.3809292
0.4798883
0.2346814
0.3673853
0.4855833
0.2822046
0.4370807
0.1942540
0.4530572
0.3920547
0.3881773
0.1344309
0.4850736
0.3199398
0.3107493
0.3957808
0.3370210
0.4748494
0.4374651
0.5007390
0.3633175
0.4384971
0.5345509
0.6101760
0.4536058
0.4983667
0.5183013
0.1461657
0.1746980
0.1914536
0.2123344
0.1225319
0.1112797
0.0796710
0.1642239
0.1049227
0.1028972
0.1082055
0.2644934
0.2841553
0.3534139
0.3205155
0.2340711
0.3659354
0.2952072
0.2000965
0.2586246
0.2718022
0.2307722
0.5154487
0.3303206
0.2691409
0.2708325
0.1977677
0.2298778
0.2239499
0.4227228
0.4208463
0.4726674
0.3376481
0.2446974
0.2195456
0.1853413
0.2914188
0.1550180
0.0336975
0.3288137
0.2349058
0.2300277
0.3129928
0.2952662
0.1302391
0.4014390
0.2264479
0.4307967
0.3126206
0.4363488
0.2095703
0.2487585
0.3059011
0.1532202
0.3752740
0.3228109
0.2606480
0.3089671
0.2740197
0.4344294
0.2377189
0.3351637
0.3824861
0.3922339
0.1577844
0.4723724
0.2468027
0.2329861
0.4493380
0.1933991
0.2652562
0.2044610
0.1111812
0.2788700
0.3406545
0.2374215
0.3269674
0.3688094
0.1937678
0.2342686
0.2920525
0.2293581
0.3901945
0.4109931
0.3673128
0.4908156
0.2661961
0.4012682
0.2433845
0.2112177
0.2928552
0.2524864
0.2097403
0.3094088
0.0437120
0.1347612
0.2361960
0.1431379
0.4073958
0.0688611
0.1277274
0.3926878
0.1344481
0.1511762
0.1141276
0.1292308
0.2235990
0.2207162
0.3024861
0.2127177
0.1705637
0.3829145
0.3110740
0.2462529
0.3682739
0.3852665
0.2281774
0.2011834
0.3037490
0.2611498
0.3930859
0.2283987
0.1397628
0.1426278
0.0372720
0.2114906
0.0000000
0.6276926
0.3858148
0.6791191
0.7405741
0.7096954
0.6758103
0.3930984
0.6749619
0.6753846
0.7136732
0.6195731
0.6338760
0.6875337
0.5358543
0.9351931
0.5631610
0.2633219
0.6290672
0.6290181
0.5195637
0.7075106
0.5072024
0.6639532
0.5218073
0.6240822
0.5935270
0.2663651
0.3425705
0.4313345
0.2347956
0.3914652
0.4631700
0.3955355
0.4768746
0.2857203
0.6773574
0.3499544
0.5515555
0.2897061
0.5659630
0.2347991
0.4377912
0.1492429
0.4822060
0.6298294
0.5279540
0.2579657
0.4456206
0.2755237
0.2448548
0.4673697
0.3899494
0.3421169
0.4010808
0.4674337
0.3792871
0.3156772
0.2536668
0.4599913
0.4206844
0.3652817
0.3328230
0.3946926
0.4722567
0.4049059
0.3862481
0.2029709
0.4598769
0.4821699
0.4549767
0.7086526
0.4980892
0.3951751
0.4071485
0.4506221
0.1683765
0.2845524
0.2016358
0.0891919
0.1526611
0.2120479
0.1862520
0.1953827
0.1158545
0.2600710
0.1970722
0.1184079
0.2443839
0.2021441
0.2881568
0.3065202
0.2630523
0.2695055
0.4162415
0.4495631
0.3818735
0.2381497
0.2468583
0.2437552
0.3074999
0.3571800
0.2452044
0.3152888
0.2207673
0.3233101
0.2519161
0.1998002
0.3883447
0.4704275
0.3503056
0.3170438
0.2439985
0.2057533
0.3336011
0.0673706
0.1112169
0.4138725
0.3366435
0.1660131
0.2435764
0.2848173
0.2125165
0.2402544
0.0709869
0.5024993
0.2797999
0.2622006
0.4964492
0.2802669
0.6072202
0.3595245
0.2744927
0.3113599
0.2087807
0.3140190
0.2446582
0.3208655
0.2940573
0.4075155
0.2424949
0.2649666
0.3278983
0.2014807
0.3268571
0.4268521
0.2109606
0.2394319
0.2116715
0.3210529
0.1886995
0.4490150
0.2941839
0.2831672
0.3031069
0.2815651
0.3399147
0.1672468
0.2368460
0.2025901
0.2653297
0.3666591
0.3212505
0.2762767
0.2744815
0.2794393
0.2872006
0.2455421
0.3373020
0.2251346
0.1807690
0.3097334
0.2083139
0.3258298
0.3505149
0.1347496
0.2423725
0.2358961
0.3464819
0.1394918
0.1314429
0.1162456
0.1213486
0.1350316
0.0908256
0.1326471
0.1832173
0.2969156
0.1684222
0.2634891
0.1803124
0.4233316
0.1718886
0.3718034
0.3858513
0.2467849
0.2330380
0.1689798
0.1150479
0.1762884
0.0860694
